0 88229 6.850000 
0 88230 7.140000 
1 88232 4.290000 
1 88230 7.270000 
2 88232 3.480000 
2 88234 3.410000 
3 88235 3.860000 
3 88237 5.400000 
4 88236 4.710000 
4 88237 5.510000 
5 88233 5.150000 
5 88236 5.780000 
6 7 12.780000 
6 88231 10.970000 
7 8 9.310000 
7 6 12.780000 
8 7 9.310000 
8 88226 11.830000 
9 88226 13.930000 
9 10 24.600000 
10 9 24.600000 
10 83680 15.510000 
11 83679 15.120000 
11 12 11.630000 
12 13 13.390000 
12 11 11.630000 
13 83677 9.770000 
13 12 13.390000 
14 15 18.889999 
14 83675 15.010000 
15 14 18.889999 
15 16 39.040001 
16 15 39.040001 
16 17 20.629999 
17 83673 5.310000 
17 16 20.629999 
18 83672 4.530000 
18 83673 5.460000 
19 83670 5.180000 
19 83671 5.280000 
20 83669 4.290000 
20 83670 4.550000 
20 78601 35.540001 
21 83669 4.400000 
21 22 2.920000 
22 21 2.920000 
22 23 3.670000 
23 22 3.670000 
23 24 86.019997 
24 23 86.019997 
24 50682 20.830000 
25 50682 16.600000 
25 83676 17.430000 
26 27 25.040001 
26 83676 14.910000 
27 26 25.040001 
27 28 31.480000 
28 27 31.480000 
28 29 26.750000 
29 28 26.750000 
29 83682 16.629999 
30 83682 14.320000 
30 83684 13.670000 
31 33 28.860001 
31 83684 12.310000 
32 61017 46.680000 
32 6021 19.250000 
33 83685 16.480000 
33 31 28.860001 
34 83685 18.320000 
34 35 11.780000 
35 34 11.780000 
35 36 37.430000 
36 35 37.430000 
36 37 49.380001 
37 36 49.380001 
37 38 31.799999 
38 83686 11.620000 
38 37 31.799999 
39 83686 10.010000 
39 40 15.510000 
40 39 15.510000 
40 41 12.670000 
41 40 12.670000 
41 83687 4.970000 
42 83687 4.840000 
42 83689 4.490000 
43 83691 4.450000 
43 83692 4.260000 
44 83690 4.010000 
44 83692 5.140000 
45 83688 5.520000 
45 83690 5.030000 
46 47 19.480000 
46 78646 18.540001 
46 83688 6.660000 
47 48 38.360001 
47 46 19.480000 
48 47 38.360001 
48 49 43.950001 
49 48 43.950001 
49 50 44.630001 
50 49 44.630001 
50 51 33.330002 
51 50 33.330002 
51 52 37.750000 
52 51 37.750000 
52 83683 22.799999 
53 83681 16.030001 
53 83683 24.629999 
54 55 22.049999 
54 83681 15.950000 
55 54 22.049999 
55 83678 14.380000 
56 83678 15.080000 
56 57 24.520000 
57 56 24.520000 
57 58 26.360001 
58 57 26.360001 
58 59 24.990000 
59 84040 18.620001 
59 58 24.990000 
60 61 39.490002 
60 84040 19.000000 
61 62 56.450001 
61 60 39.490002 
62 61 56.450001 
62 84035 18.040001 
63 69336 18.230000 
63 84034 17.070000 
64 69336 6.580000 
64 84030 9.970000 
65 84027 3.640000 
65 84029 6.870000 
66 84024 5.590000 
66 84025 3.770000 
67 84024 5.850000 
67 84022 7.550000 
68 84023 5.270000 
68 19546 11.680000 
68 84022 6.250000 
69 84023 5.570000 
69 71 18.129999 
70 65683 4.920000 
70 86831 6.020000 
71 69 18.129999 
71 60817 9.590000 
72 84031 13.960000 
72 60817 9.340000 
73 84031 14.930000 
73 84032 12.460000 
74 84032 12.890000 
74 84033 13.760000 
75 84033 11.900000 
75 5458 18.290001 
76 77 59.250000 
76 5458 30.670000 
76 69309 13.390000 
77 76 59.250000 
77 84036 16.790001 
78 84038 12.300000 
78 84037 10.640000 
79 80 28.400000 
79 84039 15.170000 
80 84041 15.570000 
80 79 28.400000 
81 82 40.650002 
81 84042 13.300000 
82 81 40.650002 
82 83 50.740002 
83 82 50.740002 
83 84 34.770000 
84 83 34.770000 
84 84043 26.530001 
85 84043 30.440001 
85 84044 24.620001 
86 84044 23.020000 
86 87 43.360001 
87 78634 44.520000 
87 86 43.360001 
88 89 38.630001 
88 78634 75.760002 
89 88 38.630001 
89 90 21.590000 
90 89 21.590000 
90 91 79.160004 
91 90 79.160004 
91 84045 28.000000 
92 93 61.880001 
92 84045 25.700001 
93 92 61.880001 
93 5235 27.620001 
94 4599 12.730000 
94 5235 20.440001 
95 4599 48.700001 
95 5243 18.570000 
96 69828 14.200000 
96 69829 17.379999 
97 98 54.200001 
97 69831 20.280001 
98 97 54.200001 
98 69832 19.870001 
99 100 9.970000 
99 69833 10.420000 
100 99 9.970000 
100 69834 15.270000 
101 69839 4.260000 
101 102 6.500000 
102 101 6.500000 
102 103 6.180000 
103 104 5.950000 
103 102 6.180000 
104 105 5.750000 
104 103 5.950000 
105 104 5.750000 
105 69840 6.410000 
106 69835 13.890000 
106 69838 4.050000 
107 116 16.260000 
108 109 46.110001 
109 69830 25.879999 
110 111 22.100000 
111 69827 16.170000 
112 69824 12.790000 
113 114 56.480000 
114 115 40.410000 
115 5501 25.100000 
116 107 16.260000 
116 117 44.910000 
117 116 44.910000 
117 122 69.000000 
118 7630 9.080000 
118 65686 15.210000 
119 126 25.000000 
119 120 6.410000 
120 62795 43.590000 
120 119 6.410000 
121 48756 17.850000 
121 48758 22.370001 
122 124 20.200001 
122 117 69.000000 
123 127 16.260000 
123 125 28.290001 
124 125 20.370001 
124 122 20.200001 
125 59847 18.190001 
125 59848 27.600000 
125 124 20.370001 
125 123 28.290001 
126 119 25.000000 
126 142 53.630001 
127 971 52.680000 
127 123 16.260000 
128 60624 4.690000 
128 45487 13.990000 
129 130 29.700001 
129 60622 7.620000 
130 8174 14.350000 
130 129 29.700001 
131 8174 11.380000 
131 8177 10.090000 
132 133 20.930000 
132 8177 9.030000 
133 8173 6.970000 
133 132 20.930000 
134 8173 11.460000 
134 8169 12.630000 
135 8166 11.660000 
135 60594 20.100000 
136 86616 16.959999 
136 60594 20.230000 
137 86616 25.020000 
137 8160 11.760000 
138 8165 18.270000 
138 8159 8.110000 
139 140 19.459999 
139 8165 20.379999 
140 139 19.459999 
140 8178 14.790000 
141 8182 7.620000 
141 8178 7.880000 
142 158 51.740002 
142 126 53.630001 
143 8182 10.640000 
143 8185 5.770000 
144 8185 7.450000 
144 58334 3.340000 
145 8181 13.600000 
145 8176 12.540000 
146 147 33.720001 
146 8176 14.130000 
147 8163 34.250000 
147 146 33.720001 
148 8151 20.950001 
148 8130 27.320000 
149 8126 30.410000 
149 60530 36.750000 
150 60504 30.170000 
150 60530 37.680000 
151 971 35.340000 
151 160 31.350000 
152 36337 25.049999 
152 60504 30.120001 
153 36337 24.799999 
153 60477 21.450001 
154 60474 23.959999 
154 60477 24.950001 
155 60479 28.860001 
155 60474 22.700001 
156 60479 25.230000 
156 60484 16.530001 
157 1016 18.860001 
157 60483 25.120001 
158 172 37.150002 
158 142 51.740002 
159 60478 26.590000 
159 60469 27.590000 
160 151 31.350000 
160 164 8.410000 
161 60442 26.950001 
161 60453 34.630001 
162 60440 12.360000 
162 60442 26.590000 
163 60441 26.090000 
163 60445 14.140000 
164 59854 9.860000 
164 59856 30.930000 
164 160 8.410000 
164 1031 71.230003 
164 59853 26.129999 
165 60447 14.670000 
165 60451 13.000000 
166 60457 3.560000 
166 7984 6.280000 
166 60460 2.540000 
167 60458 9.310000 
167 168 17.299999 
168 60448 14.480000 
168 60450 34.840000 
168 167 17.299999 
169 7968 14.560000 
169 7970 7.410000 
170 7968 10.950000 
170 171 45.590000 
171 170 45.590000 
171 60452 29.709999 
172 158 37.150002 
172 1031 33.380001 
173 40519 22.570000 
173 77042 18.110001 
174 87079 4.930000 
174 176 5.320000 
175 40566 10.110000 
175 1024 21.910000 
176 177 12.490000 
176 174 5.320000 
177 178 5.490000 
177 176 12.490000 
178 177 5.490000 
178 63418 6.750000 
179 12202 24.270000 
179 63203 38.220001 
180 63419 5.880000 
180 63420 4.400000 
181 63433 11.620000 
181 63434 8.690000 
182 63430 8.750000 
182 63429 13.380000 
183 63420 5.370000 
183 184 10.330000 
184 186 6.960000 
184 183 10.330000 
185 63433 8.270000 
185 63435 12.400000 
186 188 8.900000 
186 184 6.960000 
187 63428 10.250000 
187 63429 11.020000 
188 186 8.900000 
188 16524 5.370000 
189 63422 10.250000 
189 63421 3.500000 
190 16524 4.590000 
190 63421 6.470000 
191 193 7.410000 
191 45182 70.559998 
191 192 5.320000 
192 194 5.280000 
192 191 5.320000 
193 195 3.710000 
193 191 7.410000 
194 195 3.190000 
194 192 5.280000 
195 193 3.710000 
195 194 3.190000 
195 14356 12.280000 
196 63424 6.350000 
196 63425 6.300000 
197 63438 23.940001 
197 63437 18.889999 
198 199 6.850000 
198 63203 38.970001 
199 63209 11.250000 
199 198 6.850000 
200 63209 8.400000 
200 202 11.470000 
201 12213 17.100000 
201 12216 28.379999 
202 63212 14.050000 
202 200 11.470000 
203 63438 15.720000 
203 204 23.860001 
204 63439 25.620001 
204 203 23.860001 
205 63439 26.350000 
205 63440 37.090000 
206 1608 10.810000 
206 1609 8.920000 
207 63440 6.390000 
207 63441 7.600000 
208 63441 10.810000 
208 63442 28.730000 
209 211 10.630000 
209 63443 21.740000 
210 1622 6.650000 
210 1623 7.820000 
211 209 10.630000 
211 212 5.820000 
212 211 5.820000 
212 63444 7.990000 
213 63444 9.190000 
213 63445 9.520000 
214 1625 9.660000 
214 1626 8.940000 
215 63446 18.200001 
215 8462 16.959999 
216 1640 20.110001 
216 1641 16.910000 
217 63447 39.540001 
217 8472 28.330000 
218 219 7.180000 
218 1643 12.730000 
219 218 7.180000 
219 1644 13.160000 
220 10412 19.840000 
220 8473 6.150000 
221 1645 16.430000 
221 222 9.520000 
222 221 9.520000 
222 1646 8.580000 
223 12310 20.920000 
223 224 15.990000 
224 12309 10.860000 
224 223 15.990000 
225 63523 18.160000 
225 63524 15.030000 
226 12308 27.250000 
226 12309 32.900002 
227 63524 12.570000 
227 228 9.630000 
228 227 9.630000 
228 63525 6.210000 
229 12308 26.680000 
229 232 29.270000 
230 1650 5.670000 
230 1651 9.320000 
231 63525 16.500000 
231 63528 15.640000 
232 12307 33.770000 
232 229 29.270000 
233 234 4.380000 
233 87742 5.820000 
234 233 4.380000 
234 63530 8.110000 
235 1651 3.790000 
235 1652 7.420000 
236 63532 8.560000 
236 87742 9.080000 
237 1652 6.060000 
237 1653 3.330000 
238 12341 8.330000 
238 12342 16.270000 
239 1086 70.720001 
239 240 59.110001 
240 1090 28.440001 
240 239 59.110001 
241 12343 15.990000 
241 12344 11.380000 
242 1090 31.870001 
242 1093 25.799999 
243 1091 8.490000 
243 63548 11.580000 
244 63548 7.800000 
244 246 6.500000 
245 1093 45.840000 
245 8232 17.120001 
246 244 6.500000 
246 63552 8.390000 
247 12288 16.889999 
247 12289 10.280000 
248 12306 45.930000 
248 251 16.820000 
249 63557 8.010000 
249 63552 8.740000 
250 12286 13.450000 
250 12287 5.820000 
251 12305 23.270000 
251 248 16.820000 
252 256 15.100000 
252 12290 20.870001 
253 63563 9.520000 
253 63559 10.630000 
254 63563 11.060000 
254 63564 8.320000 
255 63562 12.680000 
255 63564 8.760000 
256 12291 9.490000 
256 252 15.100000 
257 63562 6.910000 
257 63560 13.380000 
258 12305 6.240000 
258 259 8.690000 
259 258 8.690000 
259 12304 21.870001 
260 12291 7.940000 
260 12292 16.930000 
261 12292 9.500000 
261 262 10.590000 
262 12293 18.500000 
262 261 10.590000 
263 265 21.080000 
263 12316 19.700001 
264 12317 12.680000 
264 12318 10.560000 
265 12315 15.230000 
265 263 21.080000 
266 267 15.960000 
266 8272 26.420000 
267 266 15.960000 
267 268 32.720001 
268 267 32.720001 
268 77114 11.950000 
269 8276 21.010000 
269 8289 14.530000 
270 12335 11.270000 
270 12336 7.010000 
271 8301 5.960000 
271 8303 7.280000 
272 1108 14.360000 
272 1105 11.550000 
273 8307 13.020000 
273 28741 24.760000 
274 12314 13.670000 
274 12315 34.040001 
275 28742 11.100000 
275 28743 26.700001 
276 8320 13.530000 
276 8322 18.170000 
277 8323 15.270000 
277 8322 18.480000 
278 12313 23.700001 
278 12314 28.580000 
279 8327 20.570000 
279 8328 20.870001 
280 8329 42.290001 
280 8330 54.900002 
281 8331 20.139999 
281 8330 65.150002 
282 29702 20.070000 
282 8332 23.040001 
282 8333 17.920000 
283 8333 20.910000 
283 8334 10.170000 
284 12328 24.540001 
284 285 19.350000 
285 12327 20.690001 
285 284 19.350000 
286 12327 12.730000 
286 12326 10.960000 
287 63598 11.700000 
287 63593 7.920000 
288 12325 13.910000 
288 12323 18.700001 
289 12325 8.690000 
289 12326 17.850000 
290 291 42.840000 
290 8345 9.050000 
291 290 42.840000 
291 292 45.720001 
292 291 45.720001 
292 293 14.460000 
293 58955 9.690000 
293 12024 13.550000 
293 292 14.460000 
294 87944 6.730000 
294 63633 7.530000 
295 63637 3.300000 
295 63638 5.970000 
296 63640 2.610000 
296 63638 8.610000 
297 63644 4.960000 
297 63643 4.960000 
298 89831 12.180000 
298 303 17.959999 
299 89878 34.150002 
299 32347 27.570000 
300 32355 17.430000 
300 89984 16.950001 
301 305 8.640000 
301 307 6.050000 
302 63652 7.590000 
302 63653 6.010000 
303 298 17.959999 
303 307 5.360000 
304 306 5.610000 
304 32355 3.230000 
305 301 8.640000 
305 89846 12.300000 
306 89850 8.150000 
306 304 5.610000 
307 301 6.050000 
307 303 5.360000 
308 63656 13.200000 
308 63654 5.510000 
309 89896 22.709999 
309 68729 14.340000 
310 89846 9.890000 
310 311 16.379999 
311 314 29.410000 
311 310 16.379999 
312 1842 31.280001 
312 68729 19.379999 
313 63656 5.930000 
313 63657 5.670000 
314 89996 7.070000 
314 311 29.410000 
315 32351 13.640000 
315 32360 12.620000 
316 1842 10.940000 
316 89850 19.200001 
317 318 7.370000 
317 89996 12.550000 
318 317 7.370000 
318 319 9.550000 
319 318 9.550000 
319 320 20.540001 
320 322 18.420000 
320 319 20.540001 
321 87981 12.130000 
321 63660 10.700000 
322 32367 6.210000 
322 320 18.420000 
323 63661 6.110000 
323 87986 7.510000 
324 325 8.480000 
324 327 8.760000 
325 32369 11.090000 
325 324 8.480000 
326 63666 6.930000 
326 328 7.470000 
327 90000 6.820000 
327 324 8.760000 
328 329 5.760000 
328 326 7.470000 
329 328 5.760000 
329 63668 5.450000 
330 63669 11.000000 
330 63668 5.770000 
331 29254 30.360001 
331 89930 47.720001 
332 29254 14.080000 
332 29255 29.270000 
333 29255 23.870001 
333 334 22.920000 
334 333 22.920000 
334 336 16.480000 
335 32377 13.150000 
335 89838 10.470000 
336 89891 25.660000 
336 334 16.480000 
337 89825 11.320000 
337 32383 18.549999 
338 32386 16.660000 
338 32384 18.040001 
339 89825 39.500000 
339 342 15.800000 
340 79782 13.750000 
340 79780 11.770000 
341 79782 11.790000 
341 79783 6.900000 
342 339 15.800000 
342 343 14.670000 
343 86759 7.730000 
343 342 14.670000 
344 32386 8.500000 
344 32388 7.440000 
345 32388 5.880000 
345 32390 10.630000 
346 348 15.520000 
346 32395 14.760000 
347 32396 7.540000 
347 32398 8.920000 
348 86580 6.570000 
348 346 15.520000 
349 63683 13.110000 
349 63684 14.150000 
350 353 31.230000 
350 351 7.590000 
351 89912 14.930000 
351 350 7.590000 
352 32401 20.110001 
352 32402 14.440000 
353 355 6.120000 
353 350 31.230000 
354 355 4.630000 
354 32404 36.700001 
355 353 6.120000 
355 354 4.630000 
356 357 6.100000 
356 13458 5.050000 
357 356 6.100000 
357 358 11.530000 
358 357 11.530000 
358 359 12.880000 
359 358 12.880000 
359 13464 4.990000 
360 32406 11.710000 
360 13460 8.770000 
361 13463 4.320000 
361 13464 4.930000 
362 13469 8.510000 
362 13463 6.940000 
363 364 5.800000 
363 32409 10.190000 
364 363 5.800000 
364 365 3.560000 
365 364 3.560000 
365 70330 5.880000 
366 13469 9.460000 
366 367 9.690000 
367 366 9.690000 
367 70330 6.270000 
368 32413 14.010000 
368 89887 19.440001 
369 32413 6.830000 
369 32410 7.330000 
370 32409 11.050000 
370 36748 7.600000 
371 89857 16.440001 
371 32411 8.650000 
372 32417 12.050000 
372 36748 3.600000 
373 63687 23.930000 
373 375 11.100000 
374 13461 8.680000 
374 77907 6.880000 
375 63689 7.850000 
375 373 11.100000 
376 89857 20.090000 
376 380 15.760000 
377 378 10.570000 
377 77908 7.130000 
378 377 10.570000 
378 13467 34.900002 
379 32419 4.320000 
379 381 8.010000 
380 376 15.760000 
380 32420 19.790001 
381 18680 12.200000 
381 379 8.010000 
382 82068 63.020000 
382 82082 21.270000 
383 32421 7.840000 
383 32423 6.830000 
384 18447 6.110000 
384 63692 3.130000 
385 13467 8.770000 
385 32423 3.370000 
386 13459 24.230000 
386 18680 7.040000 
387 10019 24.870001 
387 44524 4.580000 
387 44525 5.390000 
387 69741 1.890000 
388 82595 22.820000 
388 82596 8.190000 
389 82596 13.730000 
389 392 26.629999 
390 69966 7.680000 
390 70294 10.190000 
391 63692 31.120001 
391 41176 39.900002 
392 389 26.629999 
392 69964 13.720000 
393 82598 9.000000 
393 394 6.920000 
394 82597 8.020000 
394 393 6.920000 
395 13465 14.570000 
395 396 8.060000 
396 395 8.060000 
396 32427 6.940000 
397 70174 3.770000 
397 69966 11.020000 
398 13456 35.410000 
398 400 8.760000 
399 89917 22.820000 
399 404 10.140000 
400 68422 5.190000 
400 398 8.760000 
401 63693 14.670000 
401 63694 13.840000 
402 36749 4.260000 
402 70238 6.270000 
403 82096 52.630001 
403 82089 54.770000 
404 399 10.140000 
404 413 23.080000 
405 69973 18.950001 
405 69866 12.900000 
406 70238 7.520000 
406 70300 10.690000 
407 411 11.620000 
407 70299 6.520000 
408 41177 19.129999 
408 41176 17.520000 
409 414 11.450000 
409 70003 7.230000 
410 70097 8.660000 
410 69884 13.020000 
411 407 11.620000 
411 70237 2.960000 
412 70173 24.230000 
412 70237 6.580000 
413 32428 17.840000 
413 404 23.080000 
414 409 11.450000 
414 69891 6.490000 
415 70370 3.280000 
415 70300 10.990000 
416 41178 12.110000 
416 41179 11.560000 
417 71825 23.049999 
417 71008 13.370000 
418 69965 19.379999 
418 69855 12.750000 
419 70145 5.840000 
419 70206 5.550000 
420 70145 7.420000 
420 70004 16.620001 
421 41180 19.200001 
421 46902 11.560000 
422 71555 7.200000 
422 70935 6.070000 
423 69892 5.860000 
423 70375 10.110000 
424 1846 36.270000 
424 10644 13.940000 
425 70242 16.230000 
425 70305 14.090000 
426 71555 14.100000 
426 61102 9.520000 
427 70332 18.820000 
427 430 9.020000 
428 429 5.910000 
428 71961 6.960000 
429 428 5.910000 
429 431 7.550000 
430 427 9.020000 
430 69851 12.880000 
431 62609 6.700000 
431 429 7.550000 
432 1867 69.370003 
432 69105 46.000000 
433 62609 3.970000 
433 71179 15.320000 
434 69960 6.220000 
434 69851 13.060000 
435 70143 8.710000 
435 70204 10.190000 
436 69960 4.220000 
436 437 6.700000 
437 436 6.700000 
437 49452 6.160000 
438 70143 9.820000 
438 439 5.330000 
439 70002 9.260000 
439 438 5.330000 
440 1877 5.490000 
440 70279 3.470000 
441 87711 8.710000 
441 87709 8.480000 
442 70991 21.940001 
442 71641 13.000000 
443 34882 6.420000 
443 87716 12.020000 
444 445 21.110001 
444 14914 21.010000 
445 444 21.110001 
445 90528 336.510010 
446 70366 3.900000 
446 69883 7.930000 
447 1878 6.290000 
447 70296 9.780000 
448 50103 23.490000 
448 70240 9.530000 
449 69862 6.540000 
449 69969 4.250000 
450 70177 12.800000 
450 70240 8.110000 
451 50103 12.140000 
451 70373 13.220000 
452 70867 8.710000 
452 71541 3.910000 
453 82601 7.770000 
453 70196 11.360000 
454 71541 3.250000 
454 71641 6.930000 
455 70867 11.440000 
455 63308 12.490000 
456 70196 4.050000 
456 70130 16.450001 
457 69959 6.840000 
457 70058 10.740000 
458 70201 18.120001 
458 70268 7.150000 
459 70293 5.180000 
459 70230 7.700000 
460 466 10.060000 
460 71046 9.660000 
461 82603 3.570000 
461 464 3.720000 
462 69850 11.680000 
462 69959 3.380000 
463 70141 7.820000 
463 464 3.440000 
464 461 3.720000 
464 463 3.440000 
465 468 13.710000 
465 70141 18.070000 
466 70953 6.450000 
466 460 10.060000 
467 70369 11.750000 
467 469 10.050000 
468 465 13.710000 
468 69998 4.400000 
469 69886 12.480000 
469 467 10.050000 
470 69886 21.930000 
470 69998 16.450001 
471 70331 9.020000 
471 69850 6.730000 
472 50078 10.170000 
472 77413 6.530000 
473 71999 5.920000 
473 71777 5.170000 
474 50078 10.540000 
474 70193 3.180000 
475 70243 8.440000 
475 32437 4.230000 
476 70193 22.820000 
476 49581 14.590000 
477 59794 6.840000 
477 70985 7.890000 
478 71535 4.510000 
478 59794 4.990000 
479 69987 3.850000 
479 49581 7.600000 
480 70306 5.400000 
480 70376 4.980000 
481 69876 10.550000 
481 82604 9.410000 
482 70226 17.670000 
482 70290 6.800000 
483 71612 12.180000 
483 71903 8.110000 
484 70226 8.210000 
484 70162 13.460000 
485 32073 38.340000 
485 489 36.310001 
486 70320 26.770000 
486 70263 25.299999 
487 70006 6.900000 
487 36752 5.000000 
488 69875 13.410000 
488 70356 9.990000 
489 82154 76.160004 
489 485 36.310001 
490 71029 7.490000 
490 31159 5.470000 
491 65197 35.950001 
491 65199 12.240000 
492 71760 14.790000 
492 71029 8.340000 
493 82154 24.080000 
493 82157 17.730000 
494 70256 3.900000 
494 77317 14.220000 
495 80320 9.610000 
495 89794 136.110001 
496 70195 30.370001 
496 70024 10.580000 
497 70161 5.140000 
497 70224 7.760000 
498 70161 13.670000 
498 70034 14.520000 
499 69926 10.870000 
499 70034 6.380000 
500 504 10.950000 
500 70256 28.620001 
501 78430 38.430000 
501 69926 12.190000 
502 70207 12.720000 
502 70273 6.780000 
503 75870 7.710000 
503 75867 16.070000 
504 500 10.950000 
504 70190 3.940000 
505 507 14.430000 
505 70190 12.840000 
506 71566 5.600000 
506 59778 9.570000 
507 509 10.190000 
507 505 14.430000 
508 82159 65.980003 
508 511 98.680000 
509 70120 6.530000 
509 507 10.190000 
510 71992 18.600000 
510 59778 8.000000 
511 508 98.680000 
511 82161 41.820000 
512 514 9.220000 
512 513 9.630000 
513 70120 9.770000 
513 512 9.630000 
514 516 10.060000 
514 512 9.220000 
515 70029 13.760000 
515 517 15.700000 
516 514 10.060000 
516 517 15.020000 
517 515 15.700000 
517 516 15.020000 
518 70018 6.290000 
518 48597 4.800000 
519 69917 31.250000 
519 70029 10.160000 
520 70018 9.670000 
520 70156 16.540001 
521 70979 15.760000 
521 71607 4.340000 
522 69917 27.290001 
522 50611 15.140000 
523 70156 8.190000 
523 70215 9.970000 
524 525 6.590000 
524 36754 2.540000 
525 524 6.590000 
525 70215 13.170000 
526 50611 18.200001 
526 70281 30.170000 
527 71607 14.330000 
527 528 6.160000 
528 71526 3.320000 
528 527 6.160000 
529 530 3.310000 
529 70853 9.830000 
530 529 3.310000 
530 531 6.820000 
531 530 6.820000 
531 71854 11.720000 
532 54510 6.860000 
532 54511 18.020000 
533 71854 4.300000 
533 534 6.280000 
534 70923 6.290000 
534 533 6.280000 
535 537 3.590000 
535 70923 8.310000 
536 70155 18.430000 
536 70214 17.530001 
537 64058 3.410000 
537 535 3.590000 
538 539 3.750000 
538 64058 11.470000 
539 538 3.750000 
539 540 4.630000 
540 539 4.630000 
540 61025 3.890000 
541 70155 20.410000 
541 542 10.730000 
542 541 10.730000 
542 70017 3.640000 
543 69902 8.780000 
543 70017 11.780000 
544 69902 10.610000 
544 70384 26.980000 
545 70315 4.960000 
545 70384 7.880000 
546 70315 4.860000 
546 548 7.200000 
547 71545 7.410000 
547 71644 13.210000 
548 546 7.200000 
548 549 4.170000 
549 548 4.170000 
549 82605 12.630000 
550 82606 13.690000 
550 70188 8.970000 
551 71054 7.190000 
551 71922 8.050000 
552 70113 9.300000 
552 69977 8.130000 
553 71054 3.300000 
553 70956 11.920000 
554 70218 10.250000 
554 50089 9.350000 
555 70351 6.260000 
555 69869 7.270000 
556 70351 9.150000 
556 50089 8.190000 
557 71578 14.900000 
557 559 11.930000 
558 69859 5.270000 
558 560 9.480000 
559 71420 9.750000 
559 557 11.930000 
560 561 5.730000 
560 558 9.480000 
561 70342 4.530000 
561 560 5.730000 
562 71420 20.920000 
562 72011 8.590000 
563 564 9.190000 
563 70277 3.390000 
564 70209 11.610000 
564 563 9.190000 
565 70992 16.230000 
565 71788 15.310000 
566 70379 3.270000 
566 70310 9.080000 
567 70310 8.780000 
567 70247 13.630000 
568 569 13.380000 
568 70247 17.299999 
569 70183 3.260000 
569 568 13.380000 
570 70105 7.690000 
570 69971 10.290000 
571 572 9.800000 
571 69865 13.930000 
572 571 9.800000 
572 573 10.980000 
573 69857 7.370000 
573 572 10.980000 
574 70275 7.620000 
574 575 12.240000 
575 70148 7.270000 
575 574 12.240000 
576 71778 10.210000 
576 71572 13.310000 
577 70919 4.620000 
577 71572 12.550000 
578 70148 24.750000 
578 70008 4.680000 
579 70008 20.200001 
579 50560 23.700001 
580 581 4.970000 
580 50560 12.520000 
581 580 4.970000 
581 70245 5.790000 
582 583 7.200000 
582 70245 8.670000 
583 82608 5.000000 
583 582 7.200000 
584 82608 8.360000 
584 5249 4.040000 
585 70883 22.200001 
585 70967 22.540001 
586 69970 3.780000 
586 70181 4.670000 
587 71087 17.480000 
587 71457 6.340000 
588 69863 8.960000 
588 82609 20.070000 
589 70041 3.070000 
589 48895 4.880000 
590 70362 15.250000 
590 22500 8.190000 
591 69863 15.710000 
591 593 7.200000 
592 71087 19.590000 
592 71813 6.650000 
593 70345 9.760000 
593 591 7.200000 
594 22500 13.860000 
594 49613 16.760000 
595 71813 15.790000 
595 71593 11.960000 
596 597 6.990000 
596 49613 14.960000 
597 49956 2.950000 
597 596 6.990000 
598 70067 3.850000 
598 70171 13.810000 
599 49956 18.510000 
599 600 15.130000 
600 60671 7.400000 
600 599 15.130000 
601 70837 7.210000 
601 603 6.930000 
602 49448 14.020000 
602 69958 7.120000 
603 601 6.930000 
603 606 18.950001 
604 39751 66.480003 
604 60671 8.990000 
605 70233 4.700000 
605 607 11.990000 
606 71241 12.300000 
606 603 18.950001 
607 610 14.130000 
607 605 11.990000 
608 70269 10.670000 
608 70203 7.160000 
609 612 13.040000 
609 70203 16.160000 
610 611 7.130000 
610 607 14.130000 
611 610 7.130000 
611 613 11.890000 
612 609 13.040000 
612 49159 12.970000 
613 611 11.890000 
613 615 17.280001 
614 71675 10.800000 
614 71004 9.490000 
615 617 6.830000 
615 613 17.280001 
616 36813 5.470000 
616 36814 6.200000 
616 20076 16.230000 
617 618 23.790001 
617 615 6.830000 
618 617 23.790001 
618 620 13.380000 
619 2505 89.940002 
619 51471 14.450000 
619 13505 12.800000 
620 618 13.380000 
620 621 6.080000 
621 620 6.080000 
621 624 7.830000 
622 625 13.440000 
622 20076 12.460000 
623 626 20.709999 
623 71675 15.060000 
624 625 8.280000 
624 621 7.830000 
625 622 13.440000 
625 624 8.280000 
626 71551 15.360000 
626 623 20.709999 
627 71551 16.440001 
627 70879 8.960000 
628 629 5.540000 
628 71445 13.000000 
629 72065 5.970000 
629 628 5.540000 
630 71801 9.230000 
630 72065 13.820000 
631 71925 9.190000 
631 71205 10.660000 
632 71925 15.040000 
632 71669 8.930000 
633 634 5.780000 
633 36725 20.280001 
634 633 5.780000 
634 36802 40.610001 
635 20509 29.540001 
635 27904 23.110001 
636 637 5.590000 
636 36363 18.690001 
637 636 5.590000 
637 36511 5.840000 
638 36186 23.870001 
638 36511 9.400000 
639 36313 17.360001 
639 36186 12.560000 
640 36313 4.790000 
640 36213 11.120000 
641 36714 39.720001 
641 36738 13.440000 
642 643 10.110000 
642 36738 13.080000 
643 642 10.110000 
643 644 17.860001 
644 21657 6.100000 
644 643 17.860001 
645 647 10.410000 
645 36087 4.050000 
646 36420 16.870001 
646 36087 3.970000 
647 36278 7.040000 
647 645 10.410000 
648 36726 13.250000 
648 36377 8.610000 
649 36334 11.430000 
649 36420 10.740000 
650 36334 11.100000 
650 651 8.180000 
651 650 8.180000 
651 36537 3.200000 
652 36198 15.320000 
652 653 6.160000 
653 652 6.160000 
653 21160 11.830000 
654 36721 8.970000 
654 36712 4.820000 
655 36510 18.320000 
655 36666 7.800000 
656 36251 8.780000 
656 21063 4.230000 
657 661 21.660000 
657 21063 6.030000 
658 659 15.120000 
658 36666 11.400000 
659 658 15.120000 
659 36408 8.470000 
660 36708 9.810000 
660 36733 7.960000 
661 657 21.660000 
661 36408 5.640000 
662 36311 5.750000 
662 664 14.460000 
663 36330 17.010000 
663 36176 8.170000 
664 665 5.070000 
664 662 14.460000 
665 36176 2.970000 
665 664 5.070000 
666 667 12.170000 
666 36656 5.760000 
667 666 12.170000 
667 20526 10.810000 
668 669 9.660000 
668 675 9.970000 
669 668 9.660000 
669 670 9.970000 
670 62360 54.220001 
670 669 9.970000 
671 672 9.630000 
671 676 9.640000 
672 671 9.630000 
672 673 10.330000 
673 672 10.330000 
673 674 9.260000 
674 673 9.260000 
674 675 10.320000 
675 668 9.970000 
675 674 10.320000 
676 671 9.640000 
676 678 10.420000 
677 679 9.500000 
677 678 10.420000 
678 676 10.420000 
678 677 10.420000 
679 2820 10.190000 
679 677 9.500000 
680 681 5.390000 
680 78847 9.920000 
681 680 5.390000 
681 682 5.090000 
682 681 5.090000 
682 683 6.400000 
683 682 6.400000 
683 684 5.030000 
684 683 5.030000 
685 2838 9.770000 
685 686 9.840000 
686 691 10.250000 
686 685 9.840000 
687 688 4.340000 
687 84230 8.820000 
688 687 4.340000 
688 689 3.920000 
689 688 3.920000 
689 690 4.200000 
690 689 4.200000 
690 699 2.940000 
691 693 10.570000 
691 686 10.250000 
692 84274 18.209999 
692 84280 15.860000 
693 695 9.880000 
693 691 10.570000 
694 77367 34.790001 
694 77365 58.540001 
695 696 10.020000 
695 693 9.880000 
696 695 10.020000 
696 2930 9.860000 
697 698 3.200000 
697 699 3.490000 
697 700 8.570000 
698 697 3.200000 
698 84274 3.940000 
699 697 3.490000 
699 690 2.940000 
700 697 8.570000 
700 701 18.790001 
701 78545 12.280000 
701 700 18.790001 
701 78544 10.160000 
702 703 29.709999 
702 21934 7.060000 
703 704 33.580002 
703 702 29.709999 
704 703 33.580002 
704 719 25.930000 
705 719 5.220000 
705 706 19.540001 
706 705 19.540001 
706 707 11.680000 
707 706 11.680000 
707 708 7.050000 
708 707 7.050000 
708 709 6.160000 
709 708 6.160000 
709 710 5.660000 
710 711 5.430000 
710 709 5.660000 
711 712 6.880000 
711 716 2.350000 
711 710 5.430000 
712 711 6.880000 
712 713 4.870000 
713 712 4.870000 
714 715 12.650000 
714 20524 13.700000 
715 714 12.650000 
715 716 10.260000 
716 711 2.350000 
716 715 10.260000 
717 21370 12.930000 
717 19104 11.730000 
718 719 30.120001 
718 22266 12.170000 
719 704 25.930000 
719 705 5.220000 
719 718 30.120001 
720 3038 9.980000 
720 726 9.900000 
721 722 10.020000 
721 60378 29.840000 
722 721 10.020000 
722 725 9.920000 
723 935 11.800000 
723 724 17.860001 
724 723 17.860001 
724 74467 11.880000 
725 727 10.270000 
725 722 9.920000 
726 720 9.900000 
726 729 9.680000 
727 728 9.930000 
727 725 10.270000 
728 727 9.930000 
728 731 10.540000 
729 3628 25.580000 
729 726 9.680000 
730 3104 14.610000 
730 3116 32.650002 
731 728 10.540000 
731 78928 10.370000 
732 3116 30.100000 
732 733 15.990000 
733 732 15.990000 
733 734 13.650000 
734 735 14.580000 
734 733 13.650000 
735 736 31.230000 
735 734 14.580000 
736 735 31.230000 
736 737 7.770000 
737 736 7.770000 
737 738 16.170000 
738 737 16.170000 
738 739 10.840000 
739 738 10.840000 
739 740 15.520000 
740 739 15.520000 
740 89411 8.920000 
741 83524 11.920000 
741 89411 8.460000 
742 743 26.090000 
742 83524 5.940000 
743 744 13.730000 
743 742 26.090000 
744 743 13.730000 
744 49405 10.910000 
745 746 16.950001 
745 49405 13.260000 
746 745 16.950001 
746 747 8.850000 
747 746 8.850000 
747 748 20.200001 
748 747 20.200001 
748 749 15.420000 
749 748 15.420000 
749 750 15.810000 
750 751 14.380000 
750 749 15.810000 
750 48349 5.760000 
751 752 10.810000 
751 750 14.380000 
752 751 10.810000 
752 753 22.080000 
753 752 22.080000 
753 754 16.790001 
754 753 16.790001 
754 755 9.680000 
755 754 9.680000 
755 756 19.180000 
756 755 19.180000 
756 757 19.639999 
757 756 19.639999 
757 35026 13.360000 
758 77371 24.510000 
758 71031 58.910000 
759 923 21.160000 
759 89043 10.940000 
760 89040 15.570000 
760 89042 11.240000 
761 89039 12.640000 
761 89040 15.080000 
762 89037 11.780000 
762 89034 12.970000 
763 764 26.040001 
763 89034 14.070000 
764 763 26.040001 
764 89032 8.770000 
765 89032 6.770000 
765 766 5.680000 
766 89029 3.950000 
766 765 5.680000 
767 89029 4.620000 
767 89027 4.800000 
768 89027 4.760000 
768 89028 4.180000 
769 89031 5.780000 
769 89028 4.830000 
770 89031 5.550000 
770 89033 18.879999 
771 89033 18.389999 
771 89036 18.250000 
772 773 67.190002 
772 89036 19.799999 
773 772 67.190002 
773 774 11.090000 
774 89045 11.180000 
774 773 11.090000 
775 89045 8.550000 
775 89047 6.860000 
776 89048 6.190000 
776 89049 7.250000 
777 89053 5.090000 
777 89049 7.620000 
778 89053 7.170000 
778 89055 5.930000 
779 89056 6.000000 
779 46221 14.160000 
780 3543 7.410000 
780 22509 11.400000 
781 82291 5.010000 
781 46221 9.970000 
782 3572 10.420000 
782 3552 9.670000 
783 3562 11.670000 
783 22511 13.580000 
784 89057 3.680000 
784 89058 5.780000 
785 89061 4.120000 
785 89059 3.180000 
786 89063 3.560000 
786 89064 7.560000 
787 89062 9.740000 
787 89064 7.650000 
788 3577 17.700001 
788 3584 10.660000 
789 89062 9.340000 
789 790 13.800000 
790 792 15.640000 
790 789 13.800000 
791 3597 9.310000 
791 3587 9.630000 
792 89065 12.230000 
792 790 15.640000 
793 3572 9.770000 
793 797 9.840000 
794 795 32.520000 
794 89060 17.040001 
795 794 32.520000 
795 3617 30.680000 
796 3597 11.590000 
796 3625 9.770000 
797 793 9.840000 
797 804 9.420000 
798 89041 15.760000 
798 89044 20.209999 
799 89038 15.500000 
799 89041 15.290000 
800 89038 16.360001 
800 89035 12.790000 
801 89030 12.640000 
801 89035 50.570000 
802 803 18.860001 
802 89026 12.540000 
803 802 18.860001 
803 89023 4.240000 
804 810 9.930000 
804 797 9.420000 
805 89019 5.820000 
805 89020 6.100000 
806 89021 7.050000 
806 89019 6.070000 
807 3610 9.580000 
807 820 10.020000 
808 3625 9.670000 
808 809 10.690000 
809 808 10.690000 
809 3628 9.420000 
810 824 39.360001 
810 804 9.930000 
811 3638 34.340000 
811 3640 46.860001 
812 817 10.370000 
812 813 9.970000 
813 818 9.990000 
813 812 9.970000 
814 33179 12.700000 
814 33175 13.040000 
815 33179 14.280000 
815 33191 12.460000 
816 830 9.670000 
816 817 9.990000 
817 816 9.990000 
817 812 10.370000 
818 819 9.670000 
818 813 9.990000 
819 831 10.420000 
819 818 9.670000 
820 841 9.580000 
820 807 10.020000 
821 33207 9.360000 
821 822 28.040001 
822 19846 102.550003 
822 821 28.040001 
823 19846 12.920000 
823 33177 19.570000 
824 810 39.360001 
824 825 11.390000 
825 824 11.390000 
825 826 10.330000 
826 825 10.330000 
826 827 9.970000 
827 826 9.970000 
827 828 9.970000 
828 827 9.970000 
828 829 9.310000 
829 832 10.380000 
829 828 9.310000 
830 836 33.880001 
830 816 9.670000 
831 840 31.879999 
831 819 10.420000 
832 833 9.270000 
832 829 10.380000 
833 832 9.270000 
833 834 9.970000 
834 833 9.970000 
834 835 9.970000 
835 837 10.370000 
835 834 9.970000 
836 830 33.880001 
836 839 9.980000 
837 838 9.990000 
837 835 10.370000 
838 837 9.990000 
838 842 9.660000 
839 836 9.980000 
839 851 47.040001 
840 831 31.879999 
840 843 10.420000 
841 847 9.710000 
841 820 9.580000 
842 844 9.720000 
842 838 9.660000 
843 840 10.420000 
843 846 9.840000 
844 845 9.710000 
844 842 9.720000 
845 848 11.090000 
845 844 9.710000 
846 852 9.590000 
846 843 9.840000 
847 855 9.590000 
847 841 9.710000 
848 849 10.700000 
848 845 11.090000 
849 848 10.700000 
849 853 34.180000 
850 853 9.990000 
850 851 9.980000 
851 850 9.980000 
851 839 47.040001 
852 856 9.500000 
852 846 9.590000 
853 849 34.180000 
853 850 9.990000 
854 857 9.670000 
854 887 9.610000 
855 887 10.020000 
855 847 9.590000 
856 852 9.500000 
856 888 9.680000 
857 889 10.110000 
857 854 9.670000 
858 3737 10.110000 
858 859 16.500000 
859 858 16.500000 
859 860 56.540001 
860 861 9.090000 
860 859 56.540001 
861 860 9.090000 
862 40507 18.920000 
862 42134 18.070000 
863 47580 33.930000 
863 41392 83.370003 
864 928 20.450001 
864 64317 5.860000 
865 64315 5.190000 
865 69521 4.720000 
866 90354 18.680000 
866 12166 13.250000 
867 12182 11.510000 
867 12183 20.129999 
868 45225 4.700000 
868 12164 40.520000 
869 11589 4.490000 
869 11590 6.110000 
870 11588 4.950000 
870 11589 5.360000 
871 11587 9.080000 
871 11588 6.480000 
872 11749 14.970000 
872 11750 24.170000 
873 11748 21.209999 
873 58019 6.000000 
874 62452 20.410000 
874 875 27.020000 
875 35845 15.180000 
875 874 27.020000 
876 62450 16.480000 
876 35845 13.180000 
877 24510 10.950000 
877 11584 12.340000 
878 62450 16.340000 
878 35810 35.750000 
879 11582 9.730000 
879 880 14.390000 
880 879 14.390000 
880 11580 17.770000 
881 64339 5.890000 
881 64246 13.890000 
882 883 16.480000 
882 11579 9.850000 
883 11577 21.709999 
883 882 16.480000 
884 35754 41.630001 
884 11922 28.120001 
885 35740 20.440001 
885 35754 38.880001 
886 42137 9.060000 
886 42140 16.160000 
887 854 9.610000 
887 855 10.020000 
888 891 9.840000 
888 856 9.680000 
889 857 10.110000 
889 895 9.770000 
890 55051 7.300000 
890 55045 7.910000 
891 897 9.720000 
891 888 9.840000 
892 896 9.770000 
892 893 10.020000 
893 892 10.020000 
893 894 9.610000 
894 893 9.610000 
894 895 29.200001 
895 889 9.770000 
895 894 29.200001 
896 892 9.770000 
896 898 10.070000 
897 899 10.110000 
897 891 9.720000 
898 896 10.070000 
898 901 10.110000 
899 900 10.330000 
899 897 10.110000 
900 899 10.330000 
900 902 9.260000 
901 898 10.110000 
901 902 9.670000 
902 900 9.260000 
902 901 9.670000 
903 948 38.990002 
903 904 45.000000 
904 905 41.480000 
904 903 45.000000 
905 904 41.480000 
905 906 35.630001 
906 905 35.630001 
906 907 36.810001 
907 906 36.810001 
907 908 42.130001 
908 909 39.400002 
908 907 42.130001 
909 910 41.270000 
909 908 39.400002 
910 909 41.270000 
910 911 49.410000 
911 910 49.410000 
911 912 62.700001 
912 911 62.700001 
912 913 61.340000 
913 912 61.340000 
913 914 52.250000 
914 915 36.150002 
914 913 52.250000 
915 916 60.570000 
915 914 36.150002 
916 915 60.570000 
916 917 45.700001 
917 916 45.700001 
917 918 41.290001 
918 917 41.290001 
918 919 34.310001 
919 918 34.310001 
919 920 33.860001 
920 919 33.860001 
920 921 39.430000 
921 922 31.000000 
921 920 39.430000 
922 923 35.580002 
922 921 31.000000 
923 922 35.580002 
923 759 21.160000 
924 89042 9.880000 
924 89043 13.080000 
925 64351 5.720000 
925 64337 5.740000 
926 68376 8.070000 
926 68360 8.020000 
927 89452 18.040001 
927 930 23.549999 
928 64361 6.900000 
928 864 20.450001 
929 65745 6.290000 
929 65743 5.860000 
930 927 23.549999 
930 949 14.000000 
931 73352 5.770000 
931 68360 4.950000 
932 962 21.540001 
932 36873 18.750000 
933 22761 14.710000 
933 36879 12.260000 
934 36880 14.830000 
934 36882 13.250000 
935 34046 21.790001 
935 723 11.800000 
936 36883 13.190000 
936 36882 14.120000 
937 36883 13.640000 
937 36887 24.959999 
938 36891 15.170000 
938 36889 15.470000 
939 36891 15.960000 
939 940 20.730000 
940 36893 6.080000 
940 939 20.730000 
941 36894 5.870000 
941 36895 5.720000 
942 36895 6.230000 
942 36897 6.960000 
943 36896 7.030000 
943 36897 6.470000 
944 46219 10.220000 
944 36896 7.760000 
945 46219 21.379999 
945 946 29.370001 
946 945 29.370001 
946 36888 28.570000 
947 36888 27.660000 
947 36886 24.290001 
948 36886 21.350000 
948 903 38.990002 
949 41404 24.570000 
949 930 14.000000 
950 68383 5.630000 
950 68372 10.400000 
951 64354 12.400000 
951 64342 10.230000 
952 87075 6.210000 
952 87081 6.210000 
953 73756 6.550000 
953 87069 6.550000 
954 63411 4.730000 
954 87058 4.730000 
955 68376 6.230000 
955 964 7.620000 
956 68380 10.250000 
956 965 10.360000 
957 963 6.930000 
957 68383 7.180000 
958 36857 43.290001 
958 960 28.200001 
959 41218 11.800000 
959 32087 9.900000 
960 961 29.420000 
960 958 28.200001 
961 36865 27.200001 
961 960 29.420000 
962 36865 15.430000 
962 932 21.540001 
963 957 6.930000 
963 966 6.260000 
964 967 7.650000 
964 955 7.620000 
965 956 10.360000 
965 970 7.520000 
966 967 5.850000 
966 963 6.260000 
967 964 7.650000 
967 966 5.850000 
968 48636 7.780000 
968 71409 15.070000 
969 68388 18.320000 
969 972 12.700000 
970 974 10.600000 
970 965 7.520000 
971 151 35.340000 
971 127 52.680000 
972 969 12.700000 
972 975 8.590000 
973 41218 13.310000 
973 41220 12.780000 
974 976 5.520000 
974 970 10.600000 
975 64412 11.250000 
975 972 8.590000 
976 974 5.520000 
976 64413 5.310000 
977 978 5.300000 
978 977 5.300000 
978 979 5.750000 
979 978 5.750000 
979 980 6.330000 
980 981 5.920000 
980 979 6.330000 
981 982 5.560000 
981 980 5.920000 
982 981 5.560000 
982 983 5.780000 
983 982 5.780000 
983 984 5.980000 
984 983 5.980000 
984 985 5.600000 
985 984 5.600000 
985 986 5.350000 
986 985 5.350000 
986 987 5.610000 
987 986 5.610000 
987 988 5.910000 
988 989 5.430000 
988 987 5.910000 
989 990 5.430000 
989 988 5.430000 
990 989 5.430000 
990 991 5.630000 
991 990 5.630000 
991 993 5.910000 
992 63309 27.180000 
992 33044 29.629999 
993 991 5.910000 
993 994 5.920000 
994 993 5.920000 
994 995 5.600000 
995 994 5.600000 
995 996 5.440000 
996 997 58.020000 
996 995 5.440000 
997 998 43.080002 
997 996 58.020000 
998 997 43.080002 
998 1001 34.520000 
999 1000 13.920000 
999 37867 34.220001 
999 13360 6.620000 
1000 1003 38.150002 
1000 999 13.920000 
1001 998 34.520000 
1001 1002 16.670000 
1002 1001 16.670000 
1002 64152 24.040001 
1002 64198 10.420000 
1003 1000 38.150002 
1003 1004 41.130001 
1004 1003 41.130001 
1004 1005 26.700001 
1005 1004 26.700001 
1005 19696 14.310000 
1006 8723 5.150000 
1007 88076 5.620000 
1008 1011 35.430000 
1008 19696 11.970000 
1009 1006 4.460000 
1010 88077 7.100000 
1011 1008 35.430000 
1011 1013 26.040001 
1012 17077 7.600000 
1013 1011 26.040001 
1013 21059 31.129999 
1014 17078 8.730000 
1015 88069 11.440000 
1016 157 18.860001 
1016 60481 18.410000 
1017 60453 38.680000 
1017 60469 30.600000 
1018 47010 23.450001 
1018 41224 24.459999 
1019 60447 14.210000 
1019 60444 27.200001 
1020 1072 15.140000 
1020 29590 9.610000 
1021 17054 6.930000 
1021 61875 17.090000 
